1939
4218
1177
1365
1759
1606
2616
1920
1443
1276
1716
2912
2979
945
2713
1177
1920
1920
1579
1304
693
1460
1177
693
4218
870
1462
1445
2661
1731
870
4205
1588
1460
2892
1417
2737
1539
1417
128
1177
693
1553
1177
4270
1369
1445
1462
1084
1763
1285
853
4202
1177
4402
3304
4402
764
1276
2816
4319
1276
683
2612
2781
1533
1177
1084
3304
1499
2810
1716
2667
4218
4319
2761
4933
1132
3728
1428
1300
1548
244
2913
3304
1038
549
1933
1667
835
2462
1283
914
2824
461
617
2004
2781
244
2004
853
1462
1481
27
1873
1652
2810
1792
1286
41
1873
1276
244
4030
17
557
2004
4402
1479
4319
563
1235
1499
1833
1524
584
1546
244
3521
1038
1965
2625
41
683
1252
537
2754
1437
1635
1479
1472
2004
1546
531
107
219
1494
1090
3728
1563
1799
1550
1550
1550
1242
1084
4933
1436
3255
1645
1799
461
1551
3540
2466
1524
1513
1513
1242
3255
137
344
1681
1715
3255
853
2817
1832
3472
1863
219
219
556
1481
3269
812
2918
4402
1803
617
1300
1833
1799
1593
1494
1479
1285
1464
1481
1445
1644
897
496
1464
3540
531
1599
1038
1803
1826
1576
1990
1877
4402
1159
1507
1533
8
962
2707
2918
983
1494
790
982
4933
1645
2754
2624
954
2892
1494
1832
1615
1177
989
1953
1437
1826
4178
1929
1501
1490
693
1803
995
683
477
1560
41
459
1492
1792
2684
2683
1832
1624
4402
557
918
4001
1492
1267
683
1530
965
1493
1209
1928
797
1832
1758
2341
3279
1803
256
3228
2004
10
2295
2697
1710
3540
1480
3540
945
1556
1601
1489
3540
2707
1526
1516
4381
382
968
444
1799
424
985
2690
1930
444
1125
747
273
525
2631
1954
1611
799
3279
1525
968
976
1975
2754
424
424
2840
1704
739
1833
2791
4387
4319
693
2747
2696
2754
1103
525
2840
4405
4402
964
3304
1933
308
785
3304
2600
1231
557
1890
1206
1629
2842
525
1761
1215
2625
1769
3255
4318
897
1516
4381
420
964
219
2637
3304
2646
955
1976
1888
984
964
978
1629
1073
1504
1713
1215
429
2690
2817
4402
1504
1665
777
1472
812
1521
2315
1818
1487
1229
2042
1951
2651
1542
1627
2083
1704
897
1997
1743
2911
1983
1863
2054
1073
2269
870
2835
1275
2600
2911
1536
1611
257
2799
236
1798
1536
1207
415
2707
2718
1230
1557
2631
1447
1833
1604
1827
1988
4402
1684
1662
4318
1549
1519
1841
1542
1799
2835
4387
1515
4319
1201
429
1954
1275
1706
273
236
2637
1591
1110
2042
2032
2054
4402
2637
2699
216
257
1103
4405
1434
964
964
2940
1654
1521
2696
1883
1706
3031
2075
1751
248
979
1291
255
1474
429
936
1491
2754
216
1611
1483
2623
1520
1300
1300
257
939
1665
2707
219
2917
371
1103
3151
1230
1489
1449
1989
1490
1984
1487
785
984
1291
2017
1525
2054
2676
424
1474
1997
1223
1055
1636
1283
1222
1808
797
1229
1487
1590
444
1207
2637
1931
1203
2690
2754
897
1976
267
1207
1487
964
2709
1826
1706
4319
1229
1255
2791
1984
444
1536
4402
429
1474
342
1591
216
1826
984
2699
774
1954
1832
1275
1983
581
1291
1804
1523
1874
253
2940
1201
1511
3255
1209
274
2723
1717
444
1998
2821
1123
968
1123
2075
1591
253
1601
1434
897
2269
2699
1055
984
1636
4381
1472
2754
379
1489
1653
1070
1654
1771
2627
4262
1877
1824
1874
2651
413
1763
1663
1976
1489
1653
1103
4402
1980
1123
